1      3.9625
2      4.10625
3      3.58
4      3.87333333333
5      3.81764705882
6      4.00555555556
7      3.9
8      4.075
9      4.20625
10     4.225
11     4.22666666667
12     4.28125
13     4.18823529412
14     3.95333333333
15     3.83157894737
16     3.88421052632
17     3.85
18     3.49411764706
19     4.04761904762
20     3.85
21     3.83571428571
22     3.74
23     3.53888888889
24     4.12307692308
25     4.0
26     3.90833333333
27     4.23684210526
28     4.06875
29     4.56428571429
30     3.88235294118
31     4.28571428571
32     3.87058823529
33     4.28461538462
34     3.93
35     4.3
36     4.22941176471
37     4.29230769231
38     4.22307692308
39     4.4375
40     4.47857142857
41     4.35333333333
42     4.12
43     4.08571428571
44     4.03125
45     2.93571428571
46     3.08571428571
47     4.09285714286
48     3.63076923077
49     3.28
50     3.79285714286
51     3.33333333333
52     3.4
53     4.58333333333
54     3.76666666667
55     4.14545454545
56     2.84444444444
57     3.3
58     3.75555555556
59     4.0
60     2.9
61     2.775
62     3.05714285714
63     2.77142857143
64     3.38
65     3.93333333333
66     3.87333333333
67     4.28181818182
68     3.55555555556
69     4.43333333333
70     4.40909090909
71     4.80833333333
72     3.91428571429
73     4.68571428571
74     4.88333333333
75     4.1375
76     3.94444444444
77     3.57142857143
78     4.27916666667
79     4.21875
80     4.1
81     3.77142857143
82     4.07857142857
83     2.55
84     4.8625
85     4.94375
86     3.77777777778
87     3.90833333333
88     4.01818181818
89     3.85454545455
90     4.70714285714
91     4.4
92     4.525
93     4.90588235294
94     4.5
95     4.83571428571
96     4.81333333333
97     4.75217391304
98     4.94
99     4.92352941176
100     4.64210526316
101     5.19375
102     5.51666666667
103     5.28181818182
104     5.9625
105     3.34166666667
106     4.06428571429
107     4.79473684211
108     4.99473684211
109     4.4
110     5.31111111111
111     4.73571428571
112     4.61428571429
113     4.43333333333
114     4.75
115     5.025
116     4.98571428571
117     3.60714285714
118     4.29565217391
119     4.59375
120     3.61428571429
121     3.55
