1.000000000000000000e+00 4.000000000000000000e+00 8.864984770963200145e-01
2.000000000000000000e+00 4.000000000000000000e+00 2.435896571173097047e-01
3.000000000000000000e+00 4.000000000000000000e+00 1.985565291273395372e-01
4.000000000000000000e+00 4.000000000000000000e+00 3.275685208038319196e-01
5.000000000000000000e+00 4.000000000000000000e+00 3.954760764380889186e-03
6.000000000000000000e+00 4.000000000000000000e+00 4.926817401896663520e-03
7.000000000000000000e+00 4.000000000000000000e+00 8.363297583600154753e-03
8.000000000000000000e+00 4.000000000000000000e+00 6.334536838419199678e-02
9.000000000000000000e+00 4.000000000000000000e+00 5.339011209927624346e-01
1.000000000000000000e+01 4.000000000000000000e+00 3.086574149992817387e-02
1.100000000000000000e+01 4.000000000000000000e+00 1.114143226881872506e+00
1.200000000000000000e+01 4.000000000000000000e+00 1.140527177429491612e+00
1.300000000000000000e+01 4.000000000000000000e+00 3.278948601871137791e-01
1.400000000000000000e+01 4.000000000000000000e+00 2.783133795461530280e+00
1.500000000000000000e+01 4.000000000000000000e+00 2.423778754561508042e-01
1.600000000000000000e+01 4.000000000000000000e+00 2.085805998993107924e+00
1.700000000000000000e+01 4.000000000000000000e+00 2.123310744631090152e+00
1.800000000000000000e+01 4.000000000000000000e+00 2.030833282929721539e-01
1.900000000000000000e+01 4.000000000000000000e+00 2.819437064090411837e+00
2.000000000000000000e+01 4.000000000000000000e+00 4.823493788993743481e-01
2.100000000000000000e+01 4.000000000000000000e+00 1.108452281138421869e+00
2.200000000000000000e+01 4.000000000000000000e+00 1.630495486468964250e+00
2.300000000000000000e+01 4.000000000000000000e+00 1.694788157722914093e-02
2.400000000000000000e+01 4.000000000000000000e+00 1.311408772566461822e+00
2.500000000000000000e+01 4.000000000000000000e+00 2.153756864805238536e-01
2.600000000000000000e+01 4.000000000000000000e+00 5.787144241503565656e-01
2.700000000000000000e+01 4.000000000000000000e+00 4.658858374026617066e-01
2.800000000000000000e+01 4.000000000000000000e+00 2.557754482542041741e-01
2.900000000000000000e+01 4.000000000000000000e+00 7.611527816731613605e-01
3.000000000000000000e+01 4.000000000000000000e+00 7.034581484152344077e-02
3.100000000000000000e+01 4.000000000000000000e+00 1.288968575391935989e+00
3.200000000000000000e+01 4.000000000000000000e+00 3.860739030393899041e-02
3.300000000000000000e+01 4.000000000000000000e+00 1.483591765901092874e+00
3.400000000000000000e+01 4.000000000000000000e+00 6.252348502304840849e-01
3.500000000000000000e+01 4.000000000000000000e+00 8.731180217523398790e-01
3.600000000000000000e+01 4.000000000000000000e+00 1.451301328990099115e+00
3.700000000000000000e+01 4.000000000000000000e+00 1.752292628793307439e-01
3.800000000000000000e+01 4.000000000000000000e+00 1.614894304428843297e+00
3.900000000000000000e+01 4.000000000000000000e+00 4.135172196513046614e-03
4.000000000000000000e+01 4.000000000000000000e+00 1.138623900853030113e+00
4.100000000000000000e+01 4.000000000000000000e+00 1.408152585511824595e-01
4.200000000000000000e+01 4.000000000000000000e+00 5.198651597176079386e-01
4.300000000000000000e+01 4.000000000000000000e+00 2.152280557916735892e-01
4.400000000000000000e+01 4.000000000000000000e+00 1.215148374567687067e-01
4.500000000000000000e+01 4.000000000000000000e+00 8.772144970248935136e-02
4.600000000000000000e+01 4.000000000000000000e+00 2.027655506938734822e-02
4.700000000000000000e+01 4.000000000000000000e+00 1.179104456519280888e-06
4.800000000000000000e+01 4.000000000000000000e+00 4.429856095941458322e-02
4.900000000000000000e+01 4.000000000000000000e+00 2.649512480392473765e-02
5.000000000000000000e+01 4.000000000000000000e+00 1.489670205266240832e-01
5.100000000000000000e+01 4.000000000000000000e+00 1.968874109820386437e-02
5.200000000000000000e+01 4.000000000000000000e+00 2.289865877904561364e-01
5.300000000000000000e+01 4.000000000000000000e+00 9.506732567428892444e-03
5.400000000000000000e+01 4.000000000000000000e+00 3.133763528953042998e-01
5.500000000000000000e+01 4.000000000000000000e+00 2.580404718079765038e-03
5.600000000000000000e+01 4.000000000000000000e+00 5.464091084835777101e-01
5.700000000000000000e+01 4.000000000000000000e+00 3.660323250218846386e-02
5.800000000000000000e+01 4.000000000000000000e+00 7.378932881004567346e-01
5.900000000000000000e+01 4.000000000000000000e+00 4.536689316827504093e-01
6.000000000000000000e+01 4.000000000000000000e+00 4.317756715247988430e-01
6.100000000000000000e+01 4.000000000000000000e+00 1.323891736400986341e+00
6.200000000000000000e+01 4.000000000000000000e+00 1.013910383009596940e-02
6.300000000000000000e+01 4.000000000000000000e+00 1.829104442558256327e+00
6.400000000000000000e+01 4.000000000000000000e+00 3.862789093168551013e-01
6.500000000000000000e+01 4.000000000000000000e+00 1.451779765399536570e+00
6.600000000000000000e+01 4.000000000000000000e+00 1.861360893011333006e+00
6.700000000000000000e+01 4.000000000000000000e+00 4.568927117334272703e-01
6.800000000000000000e+01 4.000000000000000000e+00 4.122370934719175928e+00
6.900000000000000000e+01 4.000000000000000000e+00 1.603625373376997287e-01
7.000000000000000000e+01 4.000000000000000000e+00 4.913250625014780937e+00
7.100000000000000000e+01 4.000000000000000000e+00 3.733958964815546899e+00
7.200000000000000000e+01 4.000000000000000000e+00 1.663390621168590489e+00
7.300000000000000000e+01 4.000000000000000000e+00 9.148548372930173755e+00
7.400000000000000000e+01 4.000000000000000000e+00 4.210913419759629850e-01
7.500000000000000000e+01 4.000000000000000000e+00 6.603379893629417019e+00
7.600000000000000000e+01 4.000000000000000000e+00 4.929784007480724206e+00
7.700000000000000000e+01 4.000000000000000000e+00 5.976791015719993272e-01
7.800000000000000000e+01 4.000000000000000000e+00 4.291251229381108701e+00
7.900000000000000000e+01 4.000000000000000000e+00 4.204708603816200152e-01
8.000000000000000000e+01 4.000000000000000000e+00 4.292471727686554828e-01
8.100000000000000000e+01 4.000000000000000000e+00 1.910929290681001869e-01
8.200000000000000000e+01 4.000000000000000000e+00 4.524781158750900562e-02
8.300000000000000000e+01 4.000000000000000000e+00 4.078005553317991527e-01
8.400000000000000000e+01 4.000000000000000000e+00 1.073312085461432669e-01
8.500000000000000000e+01 4.000000000000000000e+00 8.769026304656352133e-01
8.600000000000000000e+01 4.000000000000000000e+00 1.543046844806237994e+00
8.700000000000000000e+01 4.000000000000000000e+00 2.081345923211250573e-02
8.800000000000000000e+01 4.000000000000000000e+00 1.635768702847621991e+00
8.900000000000000000e+01 4.000000000000000000e+00 3.896062776413410367e-01
9.000000000000000000e+01 4.000000000000000000e+00 3.451604999508681715e-01
9.100000000000000000e+01 4.000000000000000000e+00 3.557687802302758606e-01
9.200000000000000000e+01 4.000000000000000000e+00 9.889952462799099855e-03
9.300000000000000000e+01 4.000000000000000000e+00 1.040736953722183784e-02
9.400000000000000000e+01 4.000000000000000000e+00 4.486224911182178782e-02
9.500000000000000000e+01 4.000000000000000000e+00 6.858165717342422363e-02
9.600000000000000000e+01 4.000000000000000000e+00 5.448437150375642357e-01
9.700000000000000000e+01 4.000000000000000000e+00 3.144608132367020942e-02
9.800000000000000000e+01 4.000000000000000000e+00 1.803111673137158144e+00
9.900000000000000000e+01 4.000000000000000000e+00 2.524986251898801992e-01
1.000000000000000000e+02 4.000000000000000000e+00 2.237727875570187486e+00
1.010000000000000000e+02 4.000000000000000000e+00 2.258355403945632389e+00
1.020000000000000000e+02 4.000000000000000000e+00 5.986052111710709056e-01
1.030000000000000000e+02 4.000000000000000000e+00 4.123621613518146489e+00
1.040000000000000000e+02 4.000000000000000000e+00 2.218271375747838114e-01
1.050000000000000000e+02 4.000000000000000000e+00 2.551467115327174628e+00
1.060000000000000000e+02 4.000000000000000000e+00 1.929241515525234485e+00
1.070000000000000000e+02 4.000000000000000000e+00 3.214342099424947752e-01
1.080000000000000000e+02 4.000000000000000000e+00 2.515626697907704656e+00
1.090000000000000000e+02 4.000000000000000000e+00 2.042443771657873608e-01
1.100000000000000000e+02 4.000000000000000000e+00 1.534812259124284983e+00
1.110000000000000000e+02 4.000000000000000000e+00 1.440077270520604413e+00
1.120000000000000000e+02 4.000000000000000000e+00 2.979074454637227753e-01
1.130000000000000000e+02 4.000000000000000000e+00 2.428036020591174626e+00
1.140000000000000000e+02 4.000000000000000000e+00 1.199105616807448482e-01
1.150000000000000000e+02 4.000000000000000000e+00 1.831803618739140660e+00
1.160000000000000000e+02 4.000000000000000000e+00 1.182905227625545397e+00
1.170000000000000000e+02 4.000000000000000000e+00 4.105182885542471571e-01
1.180000000000000000e+02 4.000000000000000000e+00 1.648826994765381304e+00
1.190000000000000000e+02 4.000000000000000000e+00 2.260320874888484613e-02
1.200000000000000000e+02 4.000000000000000000e+00 8.234674266674756327e-01
1.000000000000000000e+00 5.000000000000000000e+00 1.582421442485037799e+00
2.000000000000000000e+00 5.000000000000000000e+00 1.169986013555701421e+00
3.000000000000000000e+00 5.000000000000000000e+00 5.926945235441355084e-03
4.000000000000000000e+00 5.000000000000000000e+00 1.438803272646157705e+00
5.000000000000000000e+00 5.000000000000000000e+00 1.695995870385140547e+00
6.000000000000000000e+00 5.000000000000000000e+00 8.291331945403650205e-02
7.000000000000000000e+00 5.000000000000000000e+00 9.659546328238703961e-01
8.000000000000000000e+00 5.000000000000000000e+00 1.935229947419498497e+00
9.000000000000000000e+00 5.000000000000000000e+00 2.736154496226749222e-01
1.000000000000000000e+01 5.000000000000000000e+00 7.277755000040692090e-01
1.100000000000000000e+01 5.000000000000000000e+00 1.903501951860330221e+00
1.200000000000000000e+01 5.000000000000000000e+00 2.143663048285030237e-01
1.300000000000000000e+01 5.000000000000000000e+00 9.199635315798522228e-01
1.400000000000000000e+01 5.000000000000000000e+00 1.713086123481998513e+00
1.500000000000000000e+01 5.000000000000000000e+00 2.306724517022194429e-02
1.600000000000000000e+01 5.000000000000000000e+00 1.456223143178114077e+00
1.700000000000000000e+01 5.000000000000000000e+00 1.417413038240855849e+00
1.800000000000000000e+01 5.000000000000000000e+00 3.473438704887708839e-02
1.900000000000000000e+01 5.000000000000000000e+00 1.802688730759448132e+00
2.000000000000000000e+01 5.000000000000000000e+00 1.032776374341083603e+00
2.100000000000000000e+01 5.000000000000000000e+00 1.016424486248110048e-01
2.200000000000000000e+01 5.000000000000000000e+00 1.355267382302544510e+00
2.300000000000000000e+01 5.000000000000000000e+00 6.131580888979574206e-01
2.400000000000000000e+01 5.000000000000000000e+00 2.844199645888459069e-02
2.500000000000000000e+01 5.000000000000000000e+00 4.666207633681376810e-01
2.600000000000000000e+01 5.000000000000000000e+00 2.835468803619154432e-01
2.700000000000000000e+01 5.000000000000000000e+00 2.513904941270364915e-02
2.800000000000000000e+01 5.000000000000000000e+00 1.645326297027393733e-02
2.900000000000000000e+01 5.000000000000000000e+00 1.305672871557214676e-01
3.000000000000000000e+01 5.000000000000000000e+00 2.306341551973587756e-01
3.100000000000000000e+01 5.000000000000000000e+00 5.348453976956045464e-02
3.200000000000000000e+01 5.000000000000000000e+00 1.073821432851432001e-01
3.300000000000000000e+01 5.000000000000000000e+00 4.039466506885286967e-01
3.400000000000000000e+01 5.000000000000000000e+00 8.062048299152176078e-02
3.500000000000000000e+01 5.000000000000000000e+00 1.253277729806155094e-01
3.600000000000000000e+01 5.000000000000000000e+00 2.846564798739005253e-01
3.700000000000000000e+01 5.000000000000000000e+00 1.096289600262739805e-02
3.800000000000000000e+01 5.000000000000000000e+00 1.022553211987183436e-01
3.900000000000000000e+01 5.000000000000000000e+00 4.990772484313997504e-02
4.000000000000000000e+01 5.000000000000000000e+00 2.421554170972105985e-02
4.100000000000000000e+01 5.000000000000000000e+00 5.616556875120249509e-02
4.200000000000000000e+01 5.000000000000000000e+00 7.787024394971111402e-03
4.300000000000000000e+01 5.000000000000000000e+00 1.338358255301233812e-01
4.400000000000000000e+01 5.000000000000000000e+00 4.793116085355653144e-02
4.500000000000000000e+01 5.000000000000000000e+00 3.927395113224248224e-02
4.600000000000000000e+01 5.000000000000000000e+00 1.925163613685543229e-01
4.700000000000000000e+01 5.000000000000000000e+00 7.904456836115010543e-02
4.800000000000000000e+01 5.000000000000000000e+00 7.765715986719864093e-03
4.900000000000000000e+01 5.000000000000000000e+00 1.089373203110052257e-01
5.000000000000000000e+01 5.000000000000000000e+00 8.840075553476788028e-02
5.100000000000000000e+01 5.000000000000000000e+00 1.216799013302887443e-02
5.200000000000000000e+01 5.000000000000000000e+00 3.509893404776991913e-03
5.300000000000000000e+01 5.000000000000000000e+00 3.391323165805554957e-02
5.400000000000000000e+01 5.000000000000000000e+00 8.468804206532047629e-02
5.500000000000000000e+01 5.000000000000000000e+00 7.111019198562307242e-02
5.600000000000000000e+01 5.000000000000000000e+00 9.858057291222575499e-04
5.700000000000000000e+01 5.000000000000000000e+00 1.876360734880641867e-01
5.800000000000000000e+01 5.000000000000000000e+00 2.323150976204123030e-01
5.900000000000000000e+01 5.000000000000000000e+00 1.052980627101027700e-04
6.000000000000000000e+01 5.000000000000000000e+00 2.451246053023449223e-01
6.100000000000000000e+01 5.000000000000000000e+00 1.847017756245747655e-01
6.200000000000000000e+01 5.000000000000000000e+00 7.900823718875571444e-03
6.300000000000000000e+01 5.000000000000000000e+00 1.100273430184522117e-01
6.400000000000000000e+01 5.000000000000000000e+00 2.198700094186306370e-04
6.500000000000000000e+01 5.000000000000000000e+00 4.875459662567149799e-02
6.600000000000000000e+01 5.000000000000000000e+00 4.579489168797748477e-02
6.700000000000000000e+01 5.000000000000000000e+00 5.679022981687635863e-01
6.800000000000000000e+01 5.000000000000000000e+00 7.778981716577862415e-02
6.900000000000000000e+01 5.000000000000000000e+00 1.231510596117739720e+00
7.000000000000000000e+01 5.000000000000000000e+00 2.952550764794025451e+00
7.100000000000000000e+01 5.000000000000000000e+00 8.126440923917231662e-02
7.200000000000000000e+01 5.000000000000000000e+00 4.130038211451444674e+00
7.300000000000000000e+01 5.000000000000000000e+00 6.736219828204246696e+00
7.400000000000000000e+01 5.000000000000000000e+00 1.497771579936705288e-01
7.500000000000000000e+01 5.000000000000000000e+00 6.362765703203844936e+00
7.600000000000000000e+01 5.000000000000000000e+00 9.721691285045363173e+00
7.700000000000000000e+01 5.000000000000000000e+00 5.344063562862984007e-01
7.800000000000000000e+01 5.000000000000000000e+00 5.336746694956866044e+00
7.900000000000000000e+01 5.000000000000000000e+00 1.016632480851101406e+01
8.000000000000000000e+01 5.000000000000000000e+00 1.686410687692216026e+00
8.100000000000000000e+01 5.000000000000000000e+00 2.279475678358491297e+00
8.200000000000000000e+01 5.000000000000000000e+00 8.184711811589394870e+00
8.300000000000000000e+01 5.000000000000000000e+00 3.374578152561508393e+00
8.400000000000000000e+01 5.000000000000000000e+00 2.673419279729489784e-01
8.500000000000000000e+01 5.000000000000000000e+00 4.945908209571439507e+00
8.600000000000000000e+01 5.000000000000000000e+00 4.006803180474249437e+00
8.700000000000000000e+01 5.000000000000000000e+00 6.105644098546116755e-02
8.800000000000000000e+01 5.000000000000000000e+00 2.020897421940960559e+00
8.900000000000000000e+01 5.000000000000000000e+00 2.754786309876879002e+00
9.000000000000000000e+01 5.000000000000000000e+00 2.797874714313678401e-01
9.100000000000000000e+01 5.000000000000000000e+00 5.696133242388756734e-01
9.200000000000000000e+01 5.000000000000000000e+00 1.124160664664572762e+00
9.300000000000000000e+01 5.000000000000000000e+00 1.004146903596652846e-01
9.400000000000000000e+01 5.000000000000000000e+00 3.216047695145035079e-01
9.500000000000000000e+01 5.000000000000000000e+00 4.005174076061318589e-01
9.600000000000000000e+01 5.000000000000000000e+00 3.217399025669025192e-02
9.700000000000000000e+01 5.000000000000000000e+00 8.382640589584932078e-01
9.800000000000000000e+01 5.000000000000000000e+00 3.392280533666396924e-01
9.900000000000000000e+01 5.000000000000000000e+00 4.178603545183436352e-01
1.000000000000000000e+02 5.000000000000000000e+00 2.023053942961810403e+00
1.010000000000000000e+02 5.000000000000000000e+00 5.067373733764611865e-01
1.020000000000000000e+02 5.000000000000000000e+00 7.295232047870089387e-01
1.030000000000000000e+02 5.000000000000000000e+00 2.464565687006789130e+00
1.040000000000000000e+02 5.000000000000000000e+00 4.335040238084503228e-01
1.050000000000000000e+02 5.000000000000000000e+00 6.151852345602916161e-01
1.060000000000000000e+02 5.000000000000000000e+00 1.327444381076831714e+00
1.070000000000000000e+02 5.000000000000000000e+00 7.211326676401855207e-02
1.080000000000000000e+02 5.000000000000000000e+00 3.255530998444717272e-01
1.090000000000000000e+02 5.000000000000000000e+00 1.520908578082335039e-01
1.100000000000000000e+02 5.000000000000000000e+00 7.914422019459718682e-02
1.110000000000000000e+02 5.000000000000000000e+00 1.066916985873404278e-01
1.120000000000000000e+02 5.000000000000000000e+00 1.142071024841405796e-01
1.130000000000000000e+02 5.000000000000000000e+00 4.744140813779614274e-01
1.140000000000000000e+02 5.000000000000000000e+00 7.734627207792410877e-03
1.150000000000000000e+02 5.000000000000000000e+00 6.048739417463817603e-01
1.160000000000000000e+02 5.000000000000000000e+00 6.285773791311192182e-01
1.170000000000000000e+02 5.000000000000000000e+00 1.230161916850779601e-02
1.180000000000000000e+02 5.000000000000000000e+00 7.623474222613693119e-01
1.190000000000000000e+02 5.000000000000000000e+00 4.228185865053367687e-01
1.200000000000000000e+02 5.000000000000000000e+00 4.416715390758377963e-02
1.000000000000000000e+00 6.000000000000000000e+00 1.854475620247499901e+00
2.000000000000000000e+00 6.000000000000000000e+00 8.753354241432336202e-01
3.000000000000000000e+00 6.000000000000000000e+00 5.282021111792581380e-02
4.000000000000000000e+00 6.000000000000000000e+00 1.546606611700731770e+00
5.000000000000000000e+00 6.000000000000000000e+00 1.723240350826930944e+00
6.000000000000000000e+00 6.000000000000000000e+00 1.690509666746021211e-01
7.000000000000000000e+00 6.000000000000000000e+00 4.943859650321694721e-01
8.000000000000000000e+00 6.000000000000000000e+00 1.323829766996830637e+00
9.000000000000000000e+00 6.000000000000000000e+00 4.609410035192748611e-01
1.000000000000000000e+01 6.000000000000000000e+00 3.106666341065173267e-02
1.100000000000000000e+01 6.000000000000000000e+00 4.145069342659955525e-01
1.200000000000000000e+01 6.000000000000000000e+00 1.896994287033278992e-01
1.300000000000000000e+01 6.000000000000000000e+00 3.286632463423038927e-03
1.400000000000000000e+01 6.000000000000000000e+00 5.964686438064254609e-02
1.500000000000000000e+01 6.000000000000000000e+00 9.675417099642785951e-04
1.600000000000000000e+01 6.000000000000000000e+00 1.297110039636382717e-01
1.700000000000000000e+01 6.000000000000000000e+00 6.483932094903571697e-02
1.800000000000000000e+01 6.000000000000000000e+00 8.322524630743800833e-02
1.900000000000000000e+01 6.000000000000000000e+00 5.595172116355001668e-01
2.000000000000000000e+01 6.000000000000000000e+00 3.662049564928498424e-01
2.100000000000000000e+01 6.000000000000000000e+00 1.299221932482070088e-02
2.200000000000000000e+01 6.000000000000000000e+00 6.896755562080980617e-01
2.300000000000000000e+01 6.000000000000000000e+00 8.753569560821001794e-01
2.400000000000000000e+01 6.000000000000000000e+00 1.093897419965671747e-01
2.500000000000000000e+01 6.000000000000000000e+00 2.544958484059191561e-01
2.600000000000000000e+01 6.000000000000000000e+00 8.711276180856635243e-01
2.700000000000000000e+01 6.000000000000000000e+00 4.506130991926595164e-01
2.800000000000000000e+01 6.000000000000000000e+00 1.028742623761221301e-03
2.900000000000000000e+01 6.000000000000000000e+00 4.004167868033527977e-01
3.000000000000000000e+01 6.000000000000000000e+00 5.178145820704639357e-01
3.100000000000000000e+01 6.000000000000000000e+00 8.664456664817060672e-02
3.200000000000000000e+01 6.000000000000000000e+00 7.725504782013693783e-02
3.300000000000000000e+01 6.000000000000000000e+00 3.328851468603786223e-01
3.400000000000000000e+01 6.000000000000000000e+00 1.915683570247992129e-01
3.500000000000000000e+01 6.000000000000000000e+00 8.169186106231454995e-04
3.600000000000000000e+01 6.000000000000000000e+00 1.105571130903533761e-01
3.700000000000000000e+01 6.000000000000000000e+00 1.899884720099228042e-01
3.800000000000000000e+01 6.000000000000000000e+00 8.383508088943938952e-02
3.900000000000000000e+01 6.000000000000000000e+00 1.062929689270545805e-03
4.000000000000000000e+01 6.000000000000000000e+00 4.289392029853217325e-02
4.100000000000000000e+01 6.000000000000000000e+00 1.313088031673370071e-01
4.200000000000000000e+01 6.000000000000000000e+00 1.483220174737949482e-01
4.300000000000000000e+01 6.000000000000000000e+00 5.220504124260703233e-02
4.400000000000000000e+01 6.000000000000000000e+00 8.258419514852120488e-03
4.500000000000000000e+01 6.000000000000000000e+00 1.846202192045602319e-01
4.600000000000000000e+01 6.000000000000000000e+00 3.230131677132914159e-01
4.700000000000000000e+01 6.000000000000000000e+00 1.376027750684747919e-01
4.800000000000000000e+01 6.000000000000000000e+00 6.606700521308929257e-03
4.900000000000000000e+01 6.000000000000000000e+00 2.652836425763522854e-01
5.000000000000000000e+01 6.000000000000000000e+00 4.161352145583334661e-01
5.100000000000000000e+01 6.000000000000000000e+00 1.403268898073734006e-01
5.200000000000000000e+01 6.000000000000000000e+00 1.714685331839142790e-02
5.300000000000000000e+01 6.000000000000000000e+00 2.997510957908578466e-01
5.400000000000000000e+01 6.000000000000000000e+00 3.648302704264995144e-01
5.500000000000000000e+01 6.000000000000000000e+00 7.030436259177731684e-02
5.600000000000000000e+01 6.000000000000000000e+00 5.682798092764250464e-02
5.700000000000000000e+01 6.000000000000000000e+00 3.165271481477127669e-01
5.800000000000000000e+01 6.000000000000000000e+00 2.384505694940596832e-01
5.900000000000000000e+01 6.000000000000000000e+00 5.298571262451051526e-03
6.000000000000000000e+01 6.000000000000000000e+00 1.576742298782901619e-01
6.100000000000000000e+01 6.000000000000000000e+00 3.656742596085119645e-01
6.200000000000000000e+01 6.000000000000000000e+00 1.605750083265780892e-01
6.300000000000000000e+01 6.000000000000000000e+00 1.442839034410670074e-02
6.400000000000000000e+01 6.000000000000000000e+00 4.391090110417953940e-01
6.500000000000000000e+01 6.000000000000000000e+00 7.280714011151824261e-01
6.600000000000000000e+01 6.000000000000000000e+00 1.915495724257685883e-01
6.700000000000000000e+01 6.000000000000000000e+00 2.268343052964208739e-01
6.800000000000000000e+01 6.000000000000000000e+00 1.730738392798079506e+00
6.900000000000000000e+01 6.000000000000000000e+00 1.757636069715801330e+00
7.000000000000000000e+01 6.000000000000000000e+00 4.212659252519820180e-02
7.100000000000000000e+01 6.000000000000000000e+00 1.996235694585152931e+00
7.200000000000000000e+01 6.000000000000000000e+00 4.994407807226198592e+00
7.300000000000000000e+01 6.000000000000000000e+00 1.800930633520307467e+00
7.400000000000000000e+01 6.000000000000000000e+00 7.111348305014110194e-01
7.500000000000000000e+01 6.000000000000000000e+00 7.086402967023895272e+00
7.600000000000000000e+01 6.000000000000000000e+00 6.339062253216054543e+00
7.700000000000000000e+01 6.000000000000000000e+00 1.000938019482495583e-01
7.800000000000000000e+01 6.000000000000000000e+00 5.260751149607611588e+00
7.900000000000000000e+01 6.000000000000000000e+00 1.033497485541295013e+01
8.000000000000000000e+01 6.000000000000000000e+00 2.745177430881922120e+00
8.100000000000000000e+01 6.000000000000000000e+00 1.388756421540491059e+00
8.200000000000000000e+01 6.000000000000000000e+00 9.513159366315514731e+00
8.300000000000000000e+01 6.000000000000000000e+00 6.996461610608376347e+00
8.400000000000000000e+01 6.000000000000000000e+00 9.956944871404145581e-02
8.500000000000000000e+01 6.000000000000000000e+00 4.240842036379806501e+00
8.600000000000000000e+01 6.000000000000000000e+00 7.716926601763497651e+00
8.700000000000000000e+01 6.000000000000000000e+00 2.387133710970316791e+00
8.800000000000000000e+01 6.000000000000000000e+00 2.522117588832580859e-01
8.900000000000000000e+01 6.000000000000000000e+00 3.460120007107556628e+00
9.000000000000000000e+01 6.000000000000000000e+00 3.292450172431947930e+00
9.100000000000000000e+01 6.000000000000000000e+00 5.877319783348975424e-01
9.200000000000000000e+01 6.000000000000000000e+00 1.282101105033018607e-01
9.300000000000000000e+01 6.000000000000000000e+00 8.735707831343357821e-01
9.400000000000000000e+01 6.000000000000000000e+00 9.197198716780178307e-01
9.500000000000000000e+01 6.000000000000000000e+00 5.412233481018675629e-01
9.600000000000000000e+01 6.000000000000000000e+00 1.767865366571063634e-01
9.700000000000000000e+01 6.000000000000000000e+00 3.616616206640877167e-03
9.800000000000000000e+01 6.000000000000000000e+00 4.919648126101992536e-01
9.900000000000000000e+01 6.000000000000000000e+00 1.391440135786632171e+00
1.000000000000000000e+02 6.000000000000000000e+00 1.098031388125588537e+00
1.010000000000000000e+02 6.000000000000000000e+00 4.455976530668018243e-02
1.020000000000000000e+02 6.000000000000000000e+00 7.174286995289668178e-01
1.030000000000000000e+02 6.000000000000000000e+00 1.934557249599439199e+00
1.040000000000000000e+02 6.000000000000000000e+00 1.082437954085004206e+00
1.050000000000000000e+02 6.000000000000000000e+00 6.388082895602664735e-03
1.060000000000000000e+02 6.000000000000000000e+00 6.526380453375446589e-01
1.070000000000000000e+02 6.000000000000000000e+00 1.198451356657970646e+00
1.080000000000000000e+02 6.000000000000000000e+00 5.408966929265693890e-01
1.090000000000000000e+02 6.000000000000000000e+00 4.140441826311306618e-03
1.100000000000000000e+02 6.000000000000000000e+00 2.691177879600613609e-01
1.110000000000000000e+02 6.000000000000000000e+00 5.781556772202084415e-01
1.120000000000000000e+02 6.000000000000000000e+00 3.486986335432872286e-01
1.130000000000000000e+02 6.000000000000000000e+00 1.202533188875408443e-02
1.140000000000000000e+02 6.000000000000000000e+00 1.757148192192924674e-01
1.150000000000000000e+02 6.000000000000000000e+00 4.417479157755118679e-01
1.160000000000000000e+02 6.000000000000000000e+00 2.002018748137548154e-01
1.170000000000000000e+02 6.000000000000000000e+00 6.263012345719807909e-03
1.180000000000000000e+02 6.000000000000000000e+00 2.600768273119177798e-01
1.190000000000000000e+02 6.000000000000000000e+00 2.663456780518326794e-01
1.200000000000000000e+02 6.000000000000000000e+00 1.623974272037037939e-02
1.000000000000000000e+00 7.000000000000000000e+00 1.389232003520073366e+00
2.000000000000000000e+00 7.000000000000000000e+00 4.814753132111908029e-01
3.000000000000000000e+00 7.000000000000000000e+00 5.158775284972420133e-02
4.000000000000000000e+00 7.000000000000000000e+00 1.050241104533949699e+00
5.000000000000000000e+00 7.000000000000000000e+00 1.484172078464017108e+00
6.000000000000000000e+00 7.000000000000000000e+00 5.138769584206465124e-01
7.000000000000000000e+00 7.000000000000000000e+00 2.046234112667603966e-02
8.000000000000000000e+00 7.000000000000000000e+00 7.147314456043332154e-01
9.000000000000000000e+00 7.000000000000000000e+00 1.061554308625228149e+00
1.000000000000000000e+01 7.000000000000000000e+00 4.629264420989789297e-01
1.100000000000000000e+01 7.000000000000000000e+00 3.717160782920337671e-03
1.200000000000000000e+01 7.000000000000000000e+00 2.422050773987127203e-01
1.300000000000000000e+01 7.000000000000000000e+00 5.765219369049682241e-01
1.400000000000000000e+01 7.000000000000000000e+00 4.773741397695769884e-01
1.500000000000000000e+01 7.000000000000000000e+00 1.272727589348475186e-01
1.600000000000000000e+01 7.000000000000000000e+00 1.319156691540117506e-02
1.700000000000000000e+01 7.000000000000000000e+00 3.108583953448454396e-01
1.800000000000000000e+01 7.000000000000000000e+00 6.134003269146447446e-01
1.900000000000000000e+01 7.000000000000000000e+00 4.222812030726166843e-01
2.000000000000000000e+01 7.000000000000000000e+00 2.837172095460473512e-02
2.100000000000000000e+01 7.000000000000000000e+00 1.970753081010907237e-01
2.200000000000000000e+01 7.000000000000000000e+00 7.228653600756024256e-01
2.300000000000000000e+01 7.000000000000000000e+00 6.346366419798514791e-01
2.400000000000000000e+01 7.000000000000000000e+00 8.784547846074619581e-02
2.500000000000000000e+01 7.000000000000000000e+00 1.258318048434054204e-01
2.600000000000000000e+01 7.000000000000000000e+00 5.810001965003266378e-01
2.700000000000000000e+01 7.000000000000000000e+00 4.817790027537677822e-01
2.800000000000000000e+01 7.000000000000000000e+00 5.368107976649732355e-02
2.900000000000000000e+01 7.000000000000000000e+00 8.836578756329042938e-02
3.000000000000000000e+01 7.000000000000000000e+00 3.032850314390895252e-01
3.100000000000000000e+01 7.000000000000000000e+00 1.601072347250349082e-01
3.200000000000000000e+01 7.000000000000000000e+00 5.240798186703686870e-06
3.300000000000000000e+01 7.000000000000000000e+00 1.225634700432762375e-01
3.400000000000000000e+01 7.000000000000000000e+00 1.601140939532849361e-01
3.500000000000000000e+01 7.000000000000000000e+00 1.652816562071803344e-02
3.600000000000000000e+01 7.000000000000000000e+00 7.270333814434229436e-02
3.700000000000000000e+01 7.000000000000000000e+00 2.700272111411594622e-01
3.800000000000000000e+01 7.000000000000000000e+00 1.968076857146084102e-01
3.900000000000000000e+01 7.000000000000000000e+00 4.374927095146387973e-03
4.000000000000000000e+01 7.000000000000000000e+00 1.636067544221953829e-01
4.100000000000000000e+01 7.000000000000000000e+00 4.857317372351821483e-01
4.200000000000000000e+01 7.000000000000000000e+00 3.954967898026155448e-01
4.300000000000000000e+01 7.000000000000000000e+00 4.428450493497246981e-02
4.400000000000000000e+01 7.000000000000000000e+00 1.246784048893651714e-01
4.500000000000000000e+01 7.000000000000000000e+00 5.834167304765677242e-01
4.600000000000000000e+01 7.000000000000000000e+00 6.255436368837953287e-01
4.700000000000000000e+01 7.000000000000000000e+00 1.634585285524369214e-01
4.800000000000000000e+01 7.000000000000000000e+00 3.868406432690548596e-02
4.900000000000000000e+01 7.000000000000000000e+00 4.711458474830731435e-01
5.000000000000000000e+01 7.000000000000000000e+00 6.358381024471849718e-01
5.100000000000000000e+01 7.000000000000000000e+00 2.295844556395804648e-01
5.200000000000000000e+01 7.000000000000000000e+00 4.823120998358819411e-03
5.300000000000000000e+01 7.000000000000000000e+00 2.712760570879875210e-01
5.400000000000000000e+01 7.000000000000000000e+00 3.863888551444196184e-01
5.500000000000000000e+01 7.000000000000000000e+00 1.217713657444380732e-01
5.600000000000000000e+01 7.000000000000000000e+00 6.713330080330029946e-03
5.700000000000000000e+01 7.000000000000000000e+00 1.349851911649693204e-01
5.800000000000000000e+01 7.000000000000000000e+00 1.051370675398053400e-01
5.900000000000000000e+01 7.000000000000000000e+00 3.071753204126808972e-04
6.000000000000000000e+01 7.000000000000000000e+00 8.095678863836398842e-02
6.100000000000000000e+01 7.000000000000000000e+00 9.372639757581861797e-02
6.200000000000000000e+01 7.000000000000000000e+00 3.650586403298028263e-04
6.300000000000000000e+01 7.000000000000000000e+00 2.186049391894950289e-01
6.400000000000000000e+01 7.000000000000000000e+00 4.346837893031406663e-01
6.500000000000000000e+01 7.000000000000000000e+00 1.150205438171196526e-01
6.600000000000000000e+01 7.000000000000000000e+00 1.489386691937751583e-01
6.700000000000000000e+01 7.000000000000000000e+00 1.096922629473445099e+00
6.800000000000000000e+01 7.000000000000000000e+00 1.220842949489933105e+00
6.900000000000000000e+01 7.000000000000000000e+00 1.296388968078674708e-01
7.000000000000000000e+01 7.000000000000000000e+00 6.565020842068123308e-01
7.100000000000000000e+01 7.000000000000000000e+00 2.639759034376850444e+00
7.200000000000000000e+01 7.000000000000000000e+00 2.022943163045942239e+00
7.300000000000000000e+01 7.000000000000000000e+00 3.633967392236441690e-02
7.400000000000000000e+01 7.000000000000000000e+00 1.742045224086147925e+00
7.500000000000000000e+01 7.000000000000000000e+00 4.220670272810481904e+00
7.600000000000000000e+01 7.000000000000000000e+00 1.982861568504116434e+00
7.700000000000000000e+01 7.000000000000000000e+00 7.527617953724294320e-02
7.800000000000000000e+01 7.000000000000000000e+00 3.488866136813509655e+00
7.900000000000000000e+01 7.000000000000000000e+00 4.995246980446377272e+00
8.000000000000000000e+01 7.000000000000000000e+00 1.111827719984476159e+00
8.100000000000000000e+01 7.000000000000000000e+00 8.296349782144740725e-01
8.200000000000000000e+01 7.000000000000000000e+00 5.403284618122834004e+00
8.300000000000000000e+01 7.000000000000000000e+00 4.875291025350511731e+00
8.400000000000000000e+01 7.000000000000000000e+00 3.835244955793646882e-01
8.500000000000000000e+01 7.000000000000000000e+00 1.960556093647016551e+00
8.600000000000000000e+01 7.000000000000000000e+00 6.492967053198326788e+00
8.700000000000000000e+01 7.000000000000000000e+00 4.504620744696683943e+00
8.800000000000000000e+01 7.000000000000000000e+00 1.869597280721201904e-01
8.900000000000000000e+01 7.000000000000000000e+00 2.155964637231181147e+00
9.000000000000000000e+01 7.000000000000000000e+00 6.154014771212328760e+00
9.100000000000000000e+01 7.000000000000000000e+00 4.415163120109118822e+00
9.200000000000000000e+01 7.000000000000000000e+00 3.986756024670884413e-01
9.300000000000000000e+01 7.000000000000000000e+00 1.180400170551829220e+00
9.400000000000000000e+01 7.000000000000000000e+00 4.715695284382952046e+00
9.500000000000000000e+01 7.000000000000000000e+00 4.574347255081047336e+00
9.600000000000000000e+01 7.000000000000000000e+00 1.158017220237221645e+00
9.700000000000000000e+01 7.000000000000000000e+00 2.076268668769867543e-01
9.800000000000000000e+01 7.000000000000000000e+00 2.926691706338826027e+00
9.900000000000000000e+01 7.000000000000000000e+00 4.420163136205934151e+00
1.000000000000000000e+02 7.000000000000000000e+00 2.159003872411405123e+00
1.010000000000000000e+02 7.000000000000000000e+00 2.276470810430258201e-02
1.020000000000000000e+02 7.000000000000000000e+00 1.389901606668452860e+00
1.030000000000000000e+02 7.000000000000000000e+00 3.440819144117966299e+00
1.040000000000000000e+02 7.000000000000000000e+00 2.463242540734663866e+00
1.050000000000000000e+02 7.000000000000000000e+00 2.802486420593516270e-01
1.060000000000000000e+02 7.000000000000000000e+00 4.544701536041084178e-01
1.070000000000000000e+02 7.000000000000000000e+00 1.980059481588819059e+00
1.080000000000000000e+02 7.000000000000000000e+00 1.799396346717305084e+00
1.090000000000000000e+02 7.000000000000000000e+00 3.695038237914519685e-01
1.100000000000000000e+02 7.000000000000000000e+00 1.025658261136963151e-01
1.110000000000000000e+02 7.000000000000000000e+00 8.555924358140198915e-01
1.120000000000000000e+02 7.000000000000000000e+00 8.745985596324549194e-01
1.130000000000000000e+02 7.000000000000000000e+00 1.994003712508629345e-01
1.140000000000000000e+02 7.000000000000000000e+00 3.295381850516416328e-02
1.150000000000000000e+02 7.000000000000000000e+00 3.232418815485681995e-01
1.160000000000000000e+02 7.000000000000000000e+00 2.897090970608666161e-01
1.170000000000000000e+02 7.000000000000000000e+00 3.732247311705359782e-02
1.180000000000000000e+02 7.000000000000000000e+00 3.640269869907292177e-02
1.190000000000000000e+02 7.000000000000000000e+00 1.324474376805959419e-01
1.200000000000000000e+02 7.000000000000000000e+00 6.605309192882409530e-02
1.000000000000000000e+00 8.000000000000000000e+00 1.211734919963348256e+00
2.000000000000000000e+00 8.000000000000000000e+00 2.940455268708762615e-01
3.000000000000000000e+00 8.000000000000000000e+00 1.006448883639558117e-01
4.000000000000000000e+00 8.000000000000000000e+00 1.098584776885983327e+00
5.000000000000000000e+00 8.000000000000000000e+00 1.624687036081245761e+00
6.000000000000000000e+00 8.000000000000000000e+00 7.697494276264449375e-01
7.000000000000000000e+00 8.000000000000000000e+00 3.312948065340841266e-03
8.000000000000000000e+00 8.000000000000000000e+00 5.943548339386180990e-01
9.000000000000000000e+00 8.000000000000000000e+00 1.438164962788991863e+00
1.000000000000000000e+01 8.000000000000000000e+00 1.061569061265213998e+00
1.100000000000000000e+01 8.000000000000000000e+00 1.361155967858735383e-01
1.200000000000000000e+01 8.000000000000000000e+00 1.971190258347894908e-01
1.300000000000000000e+01 8.000000000000000000e+00 1.017305796911793125e+00
1.400000000000000000e+01 8.000000000000000000e+00 1.126527307128625477e+00
1.500000000000000000e+01 8.000000000000000000e+00 3.530014489042379022e-01
1.600000000000000000e+01 8.000000000000000000e+00 2.333530921132900143e-02
1.700000000000000000e+01 8.000000000000000000e+00 6.612568093354912468e-01
1.800000000000000000e+01 8.000000000000000000e+00 1.149719567325860670e+00
1.900000000000000000e+01 8.000000000000000000e+00 6.635575657172965158e-01
2.000000000000000000e+01 8.000000000000000000e+00 3.055177874758120693e-02
2.100000000000000000e+01 8.000000000000000000e+00 2.844667225475735473e-01
2.200000000000000000e+01 8.000000000000000000e+00 9.493062606064556208e-01
2.300000000000000000e+01 8.000000000000000000e+00 9.143220109766321269e-01
2.400000000000000000e+01 8.000000000000000000e+00 2.693776191205769499e-01
2.500000000000000000e+01 8.000000000000000000e+00 9.852973586699924000e-03
2.600000000000000000e+01 8.000000000000000000e+00 3.574628084383111859e-01
2.700000000000000000e+01 8.000000000000000000e+00 5.962836229730469340e-01
2.800000000000000000e+01 8.000000000000000000e+00 3.684434419229332125e-01
2.900000000000000000e+01 8.000000000000000000e+00 6.568312730392057708e-02
3.000000000000000000e+01 8.000000000000000000e+00 4.800105997571697813e-03
3.100000000000000000e+01 8.000000000000000000e+00 5.379701660901610449e-02
3.200000000000000000e+01 8.000000000000000000e+00 5.419925221054597980e-02
3.300000000000000000e+01 8.000000000000000000e+00 3.223976019292591061e-02
3.400000000000000000e+01 8.000000000000000000e+00 3.470615691233112921e-02
3.500000000000000000e+01 8.000000000000000000e+00 7.764064775479583014e-02
3.600000000000000000e+01 8.000000000000000000e+00 1.368467530130099419e-01
3.700000000000000000e+01 8.000000000000000000e+00 1.054272272381285291e-01
3.800000000000000000e+01 8.000000000000000000e+00 4.373987940757577929e-03
3.900000000000000000e+01 8.000000000000000000e+00 1.197653559018916763e-01
4.000000000000000000e+01 8.000000000000000000e+00 5.239092532715430295e-01
4.100000000000000000e+01 8.000000000000000000e+00 7.175839069724671004e-01
4.200000000000000000e+01 8.000000000000000000e+00 3.542590542037855061e-01
4.300000000000000000e+01 8.000000000000000000e+00 1.134701721535619776e-03
4.400000000000000000e+01 8.000000000000000000e+00 3.586432265463379565e-01
4.500000000000000000e+01 8.000000000000000000e+00 1.008480033112435281e+00
4.600000000000000000e+01 8.000000000000000000e+00 9.579870786680372285e-01
4.700000000000000000e+01 8.000000000000000000e+00 2.742678153107050987e-01
4.800000000000000000e+01 8.000000000000000000e+00 2.285260422442407860e-02
4.900000000000000000e+01 8.000000000000000000e+00 5.388295609438313871e-01
5.000000000000000000e+01 8.000000000000000000e+00 9.401774798745010653e-01
5.100000000000000000e+01 8.000000000000000000e+00 6.123823308204476845e-01
5.200000000000000000e+01 8.000000000000000000e+00 9.006171845725524649e-02
5.300000000000000000e+01 8.000000000000000000e+00 5.393992204327870132e-02
5.400000000000000000e+01 8.000000000000000000e+00 3.450883509553536177e-01
5.500000000000000000e+01 8.000000000000000000e+00 4.408496783095051108e-01
5.600000000000000000e+01 8.000000000000000000e+00 2.565180843531749688e-01
5.700000000000000000e+01 8.000000000000000000e+00 5.819633757846335437e-02
5.800000000000000000e+01 8.000000000000000000e+00 3.354629210489277406e-04
5.900000000000000000e+01 8.000000000000000000e+00 5.163569541055629958e-02
6.000000000000000000e+01 8.000000000000000000e+00 1.543316078487262932e-01
6.100000000000000000e+01 8.000000000000000000e+00 2.626389522892922934e-01
6.200000000000000000e+01 8.000000000000000000e+00 2.799103545744111021e-01
6.300000000000000000e+01 8.000000000000000000e+00 1.266325807010076909e-01
6.400000000000000000e+01 8.000000000000000000e+00 1.334547118713129985e-03
6.500000000000000000e+01 8.000000000000000000e+00 2.899723242753981522e-01
6.600000000000000000e+01 8.000000000000000000e+00 8.228233100845496750e-01
6.700000000000000000e+01 8.000000000000000000e+00 7.886855942625673466e-01
6.800000000000000000e+01 8.000000000000000000e+00 1.547801027922700579e-01
6.900000000000000000e+01 8.000000000000000000e+00 1.505727636944372005e-01
7.000000000000000000e+01 8.000000000000000000e+00 1.099461983703496237e+00
7.100000000000000000e+01 8.000000000000000000e+00 1.405377024188124269e+00
7.200000000000000000e+01 8.000000000000000000e+00 4.427630308334189468e-01
7.300000000000000000e+01 8.000000000000000000e+00 6.268281559211917597e-02
7.400000000000000000e+01 8.000000000000000000e+00 1.056820085070071524e+00
7.500000000000000000e+01 8.000000000000000000e+00 1.395818056484798397e+00
7.600000000000000000e+01 8.000000000000000000e+00 3.538853499584639906e-01
7.700000000000000000e+01 8.000000000000000000e+00 1.384831901243989138e-01
7.800000000000000000e+01 8.000000000000000000e+00 1.187353864175109575e+00
7.900000000000000000e+01 8.000000000000000000e+00 1.122464252266637041e+00
8.000000000000000000e+01 8.000000000000000000e+00 6.624439420968135372e-02
8.100000000000000000e+01 8.000000000000000000e+00 6.706888979900882397e-01
8.200000000000000000e+01 8.000000000000000000e+00 2.095064882259156658e+00
8.300000000000000000e+01 8.000000000000000000e+00 1.312966744336475422e+00
8.400000000000000000e+01 8.000000000000000000e+00 3.545072100784567320e-05
8.500000000000000000e+01 8.000000000000000000e+00 1.758901465611235171e+00
8.600000000000000000e+01 8.000000000000000000e+00 4.101296709718214473e+00
8.700000000000000000e+01 8.000000000000000000e+00 2.528326336774016969e+00
8.800000000000000000e+01 8.000000000000000000e+00 2.850487342630080370e-02
8.900000000000000000e+01 8.000000000000000000e+00 2.247979845011217392e+00
9.000000000000000000e+01 8.000000000000000000e+00 6.208956737131089199e+00
9.100000000000000000e+01 8.000000000000000000e+00 4.940494142222852325e+00
9.200000000000000000e+01 8.000000000000000000e+00 6.032801738569480987e-01
9.300000000000000000e+01 8.000000000000000000e+00 1.275349683799094302e+00
9.400000000000000000e+01 8.000000000000000000e+00 6.385042494401576896e+00
9.500000000000000000e+01 8.000000000000000000e+00 7.316402375209044351e+00
9.600000000000000000e+01 8.000000000000000000e+00 2.474568499563043034e+00
9.700000000000000000e+01 8.000000000000000000e+00 9.262998900255788037e-02
9.800000000000000000e+01 8.000000000000000000e+00 4.033623210825638239e+00
9.900000000000000000e+01 8.000000000000000000e+00 7.462512907000050433e+00
1.000000000000000000e+02 8.000000000000000000e+00 4.709876206943337529e+00
1.010000000000000000e+02 8.000000000000000000e+00 4.189618986424512026e-01
1.020000000000000000e+02 8.000000000000000000e+00 1.157097054998149854e+00
1.030000000000000000e+02 8.000000000000000000e+00 4.805733431800636168e+00
1.040000000000000000e+02 8.000000000000000000e+00 5.019319060909626984e+00
1.050000000000000000e+02 8.000000000000000000e+00 1.681653900461490103e+00
1.060000000000000000e+02 8.000000000000000000e+00 1.156020502822941581e-02
1.070000000000000000e+02 8.000000000000000000e+00 1.651323417320057496e+00
1.080000000000000000e+02 8.000000000000000000e+00 3.017301175562759230e+00
1.090000000000000000e+02 8.000000000000000000e+00 1.873238867959554854e+00
1.100000000000000000e+02 8.000000000000000000e+00 2.302665630284891907e-01
1.110000000000000000e+02 8.000000000000000000e+00 1.910359068382588010e-01
1.120000000000000000e+02 8.000000000000000000e+00 9.329254010266093688e-01
1.130000000000000000e+02 8.000000000000000000e+00 9.109514247403712739e-01
1.140000000000000000e+02 8.000000000000000000e+00 2.896320077935451431e-01
1.150000000000000000e+02 8.000000000000000000e+00 1.833482321782717870e-04
1.160000000000000000e+02 8.000000000000000000e+00 1.196272364320844217e-01
1.170000000000000000e+02 8.000000000000000000e+00 1.784719058110270096e-01
1.180000000000000000e+02 8.000000000000000000e+00 7.596952470054980922e-02
1.190000000000000000e+02 8.000000000000000000e+00 3.926336822711381548e-03
1.200000000000000000e+02 8.000000000000000000e+00 5.588984130014099279e-03
1.000000000000000000e+00 9.000000000000000000e+00 8.597750518349039917e-01
2.000000000000000000e+00 9.000000000000000000e+00 1.196058519825291544e-01
3.000000000000000000e+00 9.000000000000000000e+00 1.594235942318071864e-01
4.000000000000000000e+00 9.000000000000000000e+00 9.658731333621740633e-01
5.000000000000000000e+00 9.000000000000000000e+00 1.309978691585684141e+00
6.000000000000000000e+00 9.000000000000000000e+00 6.630191788443393630e-01
7.000000000000000000e+00 9.000000000000000000e+00 2.181383953018737817e-02
8.000000000000000000e+00 9.000000000000000000e+00 2.977694041368102451e-01
9.000000000000000000e+00 9.000000000000000000e+00 9.017445495353810792e-01
1.000000000000000000e+01 9.000000000000000000e+00 7.939630180988243024e-01
1.100000000000000000e+01 9.000000000000000000e+00 1.765772401684378157e-01
1.200000000000000000e+01 9.000000000000000000e+00 4.753064812496857888e-02
1.300000000000000000e+01 9.000000000000000000e+00 4.982131890022733489e-01
1.400000000000000000e+01 9.000000000000000000e+00 6.513550244734972461e-01
1.500000000000000000e+01 9.000000000000000000e+00 2.294279870252004250e-01
1.600000000000000000e+01 9.000000000000000000e+00 1.234282120735615343e-02
1.700000000000000000e+01 9.000000000000000000e+00 4.491664340725853855e-01
1.800000000000000000e+01 9.000000000000000000e+00 8.492061083178280567e-01
1.900000000000000000e+01 9.000000000000000000e+00 5.398183910792598850e-01
2.000000000000000000e+01 9.000000000000000000e+00 3.368331108383097044e-02
2.100000000000000000e+01 9.000000000000000000e+00 2.430914096165817662e-01
2.200000000000000000e+01 9.000000000000000000e+00 1.006277495575733871e+00
2.300000000000000000e+01 9.000000000000000000e+00 1.281754293100024311e+00
2.400000000000000000e+01 9.000000000000000000e+00 6.893440017661384145e-01
2.500000000000000000e+01 9.000000000000000000e+00 4.918049033145836801e-02
2.600000000000000000e+01 9.000000000000000000e+00 2.117258957063670177e-01
2.700000000000000000e+01 9.000000000000000000e+00 9.514678682537932586e-01
2.800000000000000000e+01 9.000000000000000000e+00 1.362684718729661570e+00
2.900000000000000000e+01 9.000000000000000000e+00 1.008899023567929376e+00
3.000000000000000000e+01 9.000000000000000000e+00 3.221608536714150595e-01
3.100000000000000000e+01 9.000000000000000000e+00 1.125900857106350627e-06
3.200000000000000000e+01 9.000000000000000000e+00 2.934867243995268327e-01
3.300000000000000000e+01 9.000000000000000000e+00 8.743234511283539678e-01
3.400000000000000000e+01 9.000000000000000000e+00 1.199817880188646324e+00
3.500000000000000000e+01 9.000000000000000000e+00 9.691951796206077496e-01
3.600000000000000000e+01 9.000000000000000000e+00 3.771520564827975930e-01
3.700000000000000000e+01 9.000000000000000000e+00 3.048690978338433437e-03
3.800000000000000000e+01 9.000000000000000000e+00 3.124415566256381060e-01
3.900000000000000000e+01 9.000000000000000000e+00 1.106209560920472956e+00
4.000000000000000000e+01 9.000000000000000000e+00 1.567274890476158866e+00
4.100000000000000000e+01 9.000000000000000000e+00 1.123911306554476353e+00
4.200000000000000000e+01 9.000000000000000000e+00 2.546647067166443734e-01
4.300000000000000000e+01 9.000000000000000000e+00 6.113106980507328203e-02
4.400000000000000000e+01 9.000000000000000000e+00 8.779287993795273914e-01
4.500000000000000000e+01 9.000000000000000000e+00 1.716332167440105083e+00
4.600000000000000000e+01 9.000000000000000000e+00 1.488621650834794918e+00
4.700000000000000000e+01 9.000000000000000000e+00 4.813624312944309591e-01
4.800000000000000000e+01 9.000000000000000000e+00 5.471902990059713742e-03
4.900000000000000000e+01 9.000000000000000000e+00 6.343910398892977920e-01
5.000000000000000000e+01 9.000000000000000000e+00 1.461965054802674358e+00
5.100000000000000000e+01 9.000000000000000000e+00 1.373286781852442351e+00
5.200000000000000000e+01 9.000000000000000000e+00 5.151315755332506185e-01
5.300000000000000000e+01 9.000000000000000000e+00 9.235956664286338854e-04
5.400000000000000000e+01 9.000000000000000000e+00 4.013658072145419586e-01
5.500000000000000000e+01 9.000000000000000000e+00 1.085904538785545492e+00
5.600000000000000000e+01 9.000000000000000000e+00 1.137443197740784173e+00
5.700000000000000000e+01 9.000000000000000000e+00 5.133219214407150899e-01
5.800000000000000000e+01 9.000000000000000000e+00 1.600169175733456850e-02
5.900000000000000000e+01 9.000000000000000000e+00 2.442216780686963795e-01
6.000000000000000000e+01 9.000000000000000000e+00 8.657688802615000068e-01
6.100000000000000000e+01 9.000000000000000000e+00 1.060110685271877795e+00
6.200000000000000000e+01 9.000000000000000000e+00 5.662192805319552491e-01
6.300000000000000000e+01 9.000000000000000000e+00 3.705326430657428227e-02
6.400000000000000000e+01 9.000000000000000000e+00 2.009250096710290812e-01
6.500000000000000000e+01 9.000000000000000000e+00 8.580784760577551129e-01
6.600000000000000000e+01 9.000000000000000000e+00 1.102960331574375008e+00
6.700000000000000000e+01 9.000000000000000000e+00 5.840405265366627185e-01
6.800000000000000000e+01 9.000000000000000000e+00 3.325018081491990657e-02
6.900000000000000000e+01 9.000000000000000000e+00 2.049550704104922960e-01
7.000000000000000000e+01 9.000000000000000000e+00 7.665711582935128554e-01
7.100000000000000000e+01 9.000000000000000000e+00 8.498296356459289491e-01
7.200000000000000000e+01 9.000000000000000000e+00 3.682588749423630348e-01
7.300000000000000000e+01 9.000000000000000000e+00 1.261344502900821167e-02
7.400000000000000000e+01 9.000000000000000000e+00 9.891859404616419604e-02
7.500000000000000000e+01 9.000000000000000000e+00 2.466230679604999587e-01
7.600000000000000000e+01 9.000000000000000000e+00 1.757206064432906556e-01
7.700000000000000000e+01 9.000000000000000000e+00 4.940497507620977835e-02
7.800000000000000000e+01 9.000000000000000000e+00 9.351073752338146319e-03
7.900000000000000000e+01 9.000000000000000000e+00 2.174232154463496408e-02
8.000000000000000000e+01 9.000000000000000000e+00 9.788710746831938425e-02
8.100000000000000000e+01 9.000000000000000000e+00 1.583075018339351880e-01
8.200000000000000000e+01 9.000000000000000000e+00 4.353764145396145369e-02
8.300000000000000000e+01 9.000000000000000000e+00 8.543279505985969247e-02
8.400000000000000000e+01 9.000000000000000000e+00 8.348333625478338016e-01
8.500000000000000000e+01 9.000000000000000000e+00 1.707058997966868885e+00
8.600000000000000000e+01 9.000000000000000000e+00 1.331928391352501073e+00
8.700000000000000000e+01 9.000000000000000000e+00 1.429742725117718882e-01
8.800000000000000000e+01 9.000000000000000000e+00 5.827656117901757193e-01
8.900000000000000000e+01 9.000000000000000000e+00 3.099563175260044101e+00
9.000000000000000000e+01 9.000000000000000000e+00 4.374347556040036444e+00
9.100000000000000000e+01 9.000000000000000000e+00 2.247933696206716014e+00
9.200000000000000000e+01 9.000000000000000000e+00 2.463818660990366519e-02
9.300000000000000000e+01 9.000000000000000000e+00 1.899537588835016555e+00
9.400000000000000000e+01 9.000000000000000000e+00 5.812910728112447245e+00
9.500000000000000000e+01 9.000000000000000000e+00 5.948031599990486029e+00
9.600000000000000000e+01 9.000000000000000000e+00 1.968073057857951280e+00
9.700000000000000000e+01 9.000000000000000000e+00 7.268183340507354540e-02
9.800000000000000000e+01 9.000000000000000000e+00 3.440175497015421247e+00
9.900000000000000000e+01 9.000000000000000000e+00 7.095909917767312614e+00
1.000000000000000000e+02 9.000000000000000000e+00 5.550679111756050332e+00
1.010000000000000000e+02 9.000000000000000000e+00 1.177834317427454591e+00
1.020000000000000000e+02 9.000000000000000000e+00 3.404471368283805144e-01
1.030000000000000000e+02 9.000000000000000000e+00 3.767316420400609545e+00
1.040000000000000000e+02 9.000000000000000000e+00 6.003906565747884727e+00
1.050000000000000000e+02 9.000000000000000000e+00 3.868666831685356300e+00
1.060000000000000000e+02 9.000000000000000000e+00 5.909559877370542669e-01
1.070000000000000000e+02 9.000000000000000000e+00 3.607953906824994950e-01
1.080000000000000000e+02 9.000000000000000000e+00 2.523018618743475550e+00
1.090000000000000000e+02 9.000000000000000000e+00 3.471530160947488231e+00
1.100000000000000000e+02 9.000000000000000000e+00 2.023191652456984180e+00
1.110000000000000000e+02 9.000000000000000000e+00 2.963066590098549780e-01
1.120000000000000000e+02 9.000000000000000000e+00 1.370146993763498300e-01
1.130000000000000000e+02 9.000000000000000000e+00 9.621497116942133720e-01
1.140000000000000000e+02 9.000000000000000000e+00 1.281433799621953140e+00
1.150000000000000000e+02 9.000000000000000000e+00 7.643371177466551369e-01
1.160000000000000000e+02 9.000000000000000000e+00 1.577913096310244456e-01
1.170000000000000000e+02 9.000000000000000000e+00 6.305967927266338362e-03
1.180000000000000000e+02 9.000000000000000000e+00 1.589178972705027337e-01
1.190000000000000000e+02 9.000000000000000000e+00 2.572601400177020325e-01
1.200000000000000000e+02 9.000000000000000000e+00 1.951392450586558747e-01
1.000000000000000000e+00 1.000000000000000000e+01 5.347708530411379169e-01
2.000000000000000000e+00 1.000000000000000000e+01 6.595925201934232929e-02
3.000000000000000000e+00 1.000000000000000000e+01 9.005369454542054564e-02
4.000000000000000000e+00 1.000000000000000000e+01 5.425571494572377640e-01
5.000000000000000000e+00 1.000000000000000000e+01 8.109296424767120648e-01
6.000000000000000000e+00 1.000000000000000000e+01 5.642295420319338728e-01
7.000000000000000000e+00 1.000000000000000000e+01 1.384049620882157328e-01
8.000000000000000000e+00 1.000000000000000000e+01 4.842513856917719621e-03
9.000000000000000000e+00 1.000000000000000000e+01 1.585076204978588532e-01
1.000000000000000000e+01 1.000000000000000000e+01 2.557948510304414169e-01
1.100000000000000000e+01 1.000000000000000000e+01 1.557766472462802643e-01
1.200000000000000000e+01 1.000000000000000000e+01 2.798719730645538029e-02
1.300000000000000000e+01 1.000000000000000000e+01 8.945136831863331273e-04
1.400000000000000000e+01 1.000000000000000000e+01 6.604773360885825978e-03
1.500000000000000000e+01 1.000000000000000000e+01 1.593102159912223974e-03
1.600000000000000000e+01 1.000000000000000000e+01 6.635202912000352782e-02
1.700000000000000000e+01 1.000000000000000000e+01 1.847398302192937991e-01
1.800000000000000000e+01 1.000000000000000000e+01 1.755558796427671986e-01
1.900000000000000000e+01 1.000000000000000000e+01 2.650254342354243717e-02
2.000000000000000000e+01 1.000000000000000000e+01 8.246022039661306258e-02
2.100000000000000000e+01 1.000000000000000000e+01 6.038255584908741591e-01
2.200000000000000000e+01 1.000000000000000000e+01 1.229729078690312560e+00
2.300000000000000000e+01 1.000000000000000000e+01 1.255853630722320258e+00
2.400000000000000000e+01 1.000000000000000000e+01 5.697701266057536573e-01
2.500000000000000000e+01 1.000000000000000000e+01 7.858549378020532675e-03
2.600000000000000000e+01 1.000000000000000000e+01 4.718243522406631030e-01
2.700000000000000000e+01 1.000000000000000000e+01 1.768219857804965489e+00
2.800000000000000000e+01 1.000000000000000000e+01 2.650256814472855105e+00
2.900000000000000000e+01 1.000000000000000000e+01 2.162166403589451225e+00
3.000000000000000000e+01 1.000000000000000000e+01 7.812687619161314823e-01
3.100000000000000000e+01 1.000000000000000000e+01 6.710357743629578181e-04
3.200000000000000000e+01 1.000000000000000000e+01 7.431859704578677173e-01
3.300000000000000000e+01 1.000000000000000000e+01 2.328168835860446872e+00
3.400000000000000000e+01 1.000000000000000000e+01 3.141514186621912064e+00
3.500000000000000000e+01 1.000000000000000000e+01 2.330526276042617084e+00
3.600000000000000000e+01 1.000000000000000000e+01 7.293657979551534387e-01
3.700000000000000000e+01 1.000000000000000000e+01 3.036793405370114950e-03
3.800000000000000000e+01 1.000000000000000000e+01 8.812996912508586078e-01
3.900000000000000000e+01 1.000000000000000000e+01 2.367635652362666487e+00
4.000000000000000000e+01 1.000000000000000000e+01 2.815966617303782726e+00
4.100000000000000000e+01 1.000000000000000000e+01 1.736598748919628843e+00
4.200000000000000000e+01 1.000000000000000000e+01 3.275508248248329424e-01
4.300000000000000000e+01 1.000000000000000000e+01 1.042949709304097500e-01
4.400000000000000000e+01 1.000000000000000000e+01 1.177198615713934693e+00
4.500000000000000000e+01 1.000000000000000000e+01 2.175143114066779848e+00
4.600000000000000000e+01 1.000000000000000000e+01 1.896012940708401429e+00
4.700000000000000000e+01 1.000000000000000000e+01 7.026115702740320934e-01
4.800000000000000000e+01 1.000000000000000000e+01 2.655523889863266752e-03
4.900000000000000000e+01 1.000000000000000000e+01 5.058347935501412707e-01
5.000000000000000000e+01 1.000000000000000000e+01 1.424947361890258613e+00
5.100000000000000000e+01 1.000000000000000000e+01 1.546380498002530635e+00
5.200000000000000000e+01 1.000000000000000000e+01 7.445012839820084327e-01
5.300000000000000000e+01 1.000000000000000000e+01 4.142788275028438938e-02
5.400000000000000000e+01 1.000000000000000000e+01 2.405161833963755103e-01
5.500000000000000000e+01 1.000000000000000000e+01 9.446739697848803852e-01
5.600000000000000000e+01 1.000000000000000000e+01 1.163150626211904015e+00
5.700000000000000000e+01 1.000000000000000000e+01 6.199745952123333348e-01
5.800000000000000000e+01 1.000000000000000000e+01 4.823584994294031342e-02
5.900000000000000000e+01 1.000000000000000000e+01 1.662200514077402380e-01
6.000000000000000000e+01 1.000000000000000000e+01 7.436812242149486440e-01
6.100000000000000000e+01 1.000000000000000000e+01 9.631583807061177005e-01
6.200000000000000000e+01 1.000000000000000000e+01 5.306471598114963495e-01
6.300000000000000000e+01 1.000000000000000000e+01 4.153216933613747275e-02
6.400000000000000000e+01 1.000000000000000000e+01 1.565994522490455343e-01
6.500000000000000000e+01 1.000000000000000000e+01 7.242265695622802646e-01
6.600000000000000000e+01 1.000000000000000000e+01 1.001845119238905513e+00
6.700000000000000000e+01 1.000000000000000000e+01 6.370710081878843134e-01
6.800000000000000000e+01 1.000000000000000000e+01 1.030019349512662080e-01
6.900000000000000000e+01 1.000000000000000000e+01 6.863956730901744907e-02
7.000000000000000000e+01 1.000000000000000000e+01 5.722261621669350040e-01
7.100000000000000000e+01 1.000000000000000000e+01 1.022514400019278069e+00
7.200000000000000000e+01 1.000000000000000000e+01 9.276553695855959125e-01
7.300000000000000000e+01 1.000000000000000000e+01 4.170648981184539861e-01
7.400000000000000000e+01 1.000000000000000000e+01 2.681931680923628492e-02
7.500000000000000000e+01 1.000000000000000000e+01 1.223057024974362750e-01
7.600000000000000000e+01 1.000000000000000000e+01 5.959000927052969798e-01
7.700000000000000000e+01 1.000000000000000000e+01 1.027169807914974919e+00
7.800000000000000000e+01 1.000000000000000000e+01 1.049067397904229093e+00
7.900000000000000000e+01 1.000000000000000000e+01 6.275638904858249489e-01
8.000000000000000000e+01 1.000000000000000000e+01 1.196228467546594926e-01
8.100000000000000000e+01 1.000000000000000000e+01 5.641534940116880309e-02
8.200000000000000000e+01 1.000000000000000000e+01 6.848992420616480947e-01
8.300000000000000000e+01 1.000000000000000000e+01 1.576276138489765666e+00
8.400000000000000000e+01 1.000000000000000000e+01 1.842456837796238922e+00
8.500000000000000000e+01 1.000000000000000000e+01 1.079878947086013286e+00
8.600000000000000000e+01 1.000000000000000000e+01 1.137185747944962216e-01
8.700000000000000000e+01 1.000000000000000000e+01 3.135839418567388237e-01
8.800000000000000000e+01 1.000000000000000000e+01 1.830433588848897619e+00
8.900000000000000000e+01 1.000000000000000000e+01 3.001878863338526937e+00
9.000000000000000000e+01 1.000000000000000000e+01 2.272998341973665237e+00
9.100000000000000000e+01 1.000000000000000000e+01 4.936753924438381791e-01
9.200000000000000000e+01 1.000000000000000000e+01 1.794032528579014574e-01
9.300000000000000000e+01 1.000000000000000000e+01 2.127245975472173978e+00
9.400000000000000000e+01 1.000000000000000000e+01 3.969845739175885235e+00
9.500000000000000000e+01 1.000000000000000000e+01 3.195342729195443710e+00
9.600000000000000000e+01 1.000000000000000000e+01 7.869034597424032773e-01
9.700000000000000000e+01 1.000000000000000000e+01 1.500508539241389439e-01
9.800000000000000000e+01 1.000000000000000000e+01 2.418001473156271786e+00
9.900000000000000000e+01 1.000000000000000000e+01 4.687371169352815947e+00
1.000000000000000000e+02 1.000000000000000000e+01 3.910184577783386572e+00
1.010000000000000000e+02 1.000000000000000000e+01 1.121755710415439866e+00
1.020000000000000000e+02 1.000000000000000000e+01 5.943958313410907524e-02
1.030000000000000000e+02 1.000000000000000000e+01 2.089586431790121157e+00
1.040000000000000000e+02 1.000000000000000000e+01 4.458025709604210185e+00
1.050000000000000000e+02 1.000000000000000000e+01 4.086615478851054917e+00
1.060000000000000000e+02 1.000000000000000000e+01 1.545279442816904769e+00
1.070000000000000000e+02 1.000000000000000000e+01 7.693516518245276624e-03
1.080000000000000000e+02 1.000000000000000000e+01 1.042240574306461554e+00
1.090000000000000000e+02 1.000000000000000000e+01 2.925968594359776631e+00
1.100000000000000000e+02 1.000000000000000000e+01 3.201891570154844047e+00
1.110000000000000000e+02 1.000000000000000000e+01 1.676386274312916980e+00
1.120000000000000000e+02 1.000000000000000000e+01 2.051527570614745666e-01
1.130000000000000000e+02 1.000000000000000000e+01 1.794761339485533846e-01
1.140000000000000000e+02 1.000000000000000000e+01 1.113280760916984580e+00
1.150000000000000000e+02 1.000000000000000000e+01 1.646307151984535588e+00
1.160000000000000000e+02 1.000000000000000000e+01 1.216188018999269094e+00
1.170000000000000000e+02 1.000000000000000000e+01 4.063546191239206240e-01
1.180000000000000000e+02 1.000000000000000000e+01 5.552425241654781844e-03
1.190000000000000000e+02 1.000000000000000000e+01 1.647912802130508947e-01
1.200000000000000000e+02 1.000000000000000000e+01 4.692414313139085524e-01
0.000000000000000000e+00 0.000000000000000000e+00 0.000000000000000000e+00
0.000000000000000000e+00 0.000000000000000000e+00 0.000000000000000000e+00
0.000000000000000000e+00 0.000000000000000000e+00 0.000000000000000000e+00
0.000000000000000000e+00 0.000000000000000000e+00 0.000000000000000000e+00
0.000000000000000000e+00 0.000000000000000000e+00 0.000000000000000000e+00
0.000000000000000000e+00 0.000000000000000000e+00 0.000000000000000000e+00
0.000000000000000000e+00 0.000000000000000000e+00 0.000000000000000000e+00
0.000000000000000000e+00 0.000000000000000000e+00 0.000000000000000000e+00
0.000000000000000000e+00 0.000000000000000000e+00 0.000000000000000000e+00
0.000000000000000000e+00 0.000000000000000000e+00 0.000000000000000000e+00
0.000000000000000000e+00 0.000000000000000000e+00 0.000000000000000000e+00
0.000000000000000000e+00 0.000000000000000000e+00 0.000000000000000000e+00
0.000000000000000000e+00 0.000000000000000000e+00 0.000000000000000000e+00
0.000000000000000000e+00 0.000000000000000000e+00 0.000000000000000000e+00
0.000000000000000000e+00 0.000000000000000000e+00 0.000000000000000000e+00
0.000000000000000000e+00 0.000000000000000000e+00 0.000000000000000000e+00
0.000000000000000000e+00 0.000000000000000000e+00 0.000000000000000000e+00
0.000000000000000000e+00 0.000000000000000000e+00 0.000000000000000000e+00
0.000000000000000000e+00 0.000000000000000000e+00 0.000000000000000000e+00
0.000000000000000000e+00 0.000000000000000000e+00 0.000000000000000000e+00
0.000000000000000000e+00 0.000000000000000000e+00 0.000000000000000000e+00
0.000000000000000000e+00 0.000000000000000000e+00 0.000000000000000000e+00
0.000000000000000000e+00 0.000000000000000000e+00 0.000000000000000000e+00
0.000000000000000000e+00 0.000000000000000000e+00 0.000000000000000000e+00
0.000000000000000000e+00 0.000000000000000000e+00 0.000000000000000000e+00
0.000000000000000000e+00 0.000000000000000000e+00 0.000000000000000000e+00
0.000000000000000000e+00 0.000000000000000000e+00 0.000000000000000000e+00
0.000000000000000000e+00 0.000000000000000000e+00 0.000000000000000000e+00
0.000000000000000000e+00 0.000000000000000000e+00 0.000000000000000000e+00
0.000000000000000000e+00 0.000000000000000000e+00 0.000000000000000000e+00
0.000000000000000000e+00 0.000000000000000000e+00 0.000000000000000000e+00
0.000000000000000000e+00 0.000000000000000000e+00 0.000000000000000000e+00
0.000000000000000000e+00 0.000000000000000000e+00 0.000000000000000000e+00
0.000000000000000000e+00 0.000000000000000000e+00 0.000000000000000000e+00
0.000000000000000000e+00 0.000000000000000000e+00 0.000000000000000000e+00
0.000000000000000000e+00 0.000000000000000000e+00 0.000000000000000000e+00
0.000000000000000000e+00 0.000000000000000000e+00 0.000000000000000000e+00
0.000000000000000000e+00 0.000000000000000000e+00 0.000000000000000000e+00
0.000000000000000000e+00 0.000000000000000000e+00 0.000000000000000000e+00
0.000000000000000000e+00 0.000000000000000000e+00 0.000000000000000000e+00
0.000000000000000000e+00 0.000000000000000000e+00 0.000000000000000000e+00
0.000000000000000000e+00 0.000000000000000000e+00 0.000000000000000000e+00
0.000000000000000000e+00 0.000000000000000000e+00 0.000000000000000000e+00
0.000000000000000000e+00 0.000000000000000000e+00 0.000000000000000000e+00
0.000000000000000000e+00 0.000000000000000000e+00 0.000000000000000000e+00
0.000000000000000000e+00 0.000000000000000000e+00 0.000000000000000000e+00
0.000000000000000000e+00 0.000000000000000000e+00 0.000000000000000000e+00
0.000000000000000000e+00 0.000000000000000000e+00 0.000000000000000000e+00
0.000000000000000000e+00 0.000000000000000000e+00 0.000000000000000000e+00
0.000000000000000000e+00 0.000000000000000000e+00 0.000000000000000000e+00
0.000000000000000000e+00 0.000000000000000000e+00 0.000000000000000000e+00
0.000000000000000000e+00 0.000000000000000000e+00 0.000000000000000000e+00
0.000000000000000000e+00 0.000000000000000000e+00 0.000000000000000000e+00
0.000000000000000000e+00 0.000000000000000000e+00 0.000000000000000000e+00
0.000000000000000000e+00 0.000000000000000000e+00 0.000000000000000000e+00
0.000000000000000000e+00 0.000000000000000000e+00 0.000000000000000000e+00
0.000000000000000000e+00 0.000000000000000000e+00 0.000000000000000000e+00
0.000000000000000000e+00 0.000000000000000000e+00 0.000000000000000000e+00
0.000000000000000000e+00 0.000000000000000000e+00 0.000000000000000000e+00
0.000000000000000000e+00 0.000000000000000000e+00 0.000000000000000000e+00
0.000000000000000000e+00 0.000000000000000000e+00 0.000000000000000000e+00
0.000000000000000000e+00 0.000000000000000000e+00 0.000000000000000000e+00
0.000000000000000000e+00 0.000000000000000000e+00 0.000000000000000000e+00
0.000000000000000000e+00 0.000000000000000000e+00 0.000000000000000000e+00
0.000000000000000000e+00 0.000000000000000000e+00 0.000000000000000000e+00
0.000000000000000000e+00 0.000000000000000000e+00 0.000000000000000000e+00
0.000000000000000000e+00 0.000000000000000000e+00 0.000000000000000000e+00
0.000000000000000000e+00 0.000000000000000000e+00 0.000000000000000000e+00
0.000000000000000000e+00 0.000000000000000000e+00 0.000000000000000000e+00
0.000000000000000000e+00 0.000000000000000000e+00 0.000000000000000000e+00
0.000000000000000000e+00 0.000000000000000000e+00 0.000000000000000000e+00
0.000000000000000000e+00 0.000000000000000000e+00 0.000000000000000000e+00
0.000000000000000000e+00 0.000000000000000000e+00 0.000000000000000000e+00
0.000000000000000000e+00 0.000000000000000000e+00 0.000000000000000000e+00
0.000000000000000000e+00 0.000000000000000000e+00 0.000000000000000000e+00
0.000000000000000000e+00 0.000000000000000000e+00 0.000000000000000000e+00
0.000000000000000000e+00 0.000000000000000000e+00 0.000000000000000000e+00
0.000000000000000000e+00 0.000000000000000000e+00 0.000000000000000000e+00
0.000000000000000000e+00 0.000000000000000000e+00 0.000000000000000000e+00
0.000000000000000000e+00 0.000000000000000000e+00 0.000000000000000000e+00
0.000000000000000000e+00 0.000000000000000000e+00 0.000000000000000000e+00
0.000000000000000000e+00 0.000000000000000000e+00 0.000000000000000000e+00
0.000000000000000000e+00 0.000000000000000000e+00 0.000000000000000000e+00
0.000000000000000000e+00 0.000000000000000000e+00 0.000000000000000000e+00
0.000000000000000000e+00 0.000000000000000000e+00 0.000000000000000000e+00
0.000000000000000000e+00 0.000000000000000000e+00 0.000000000000000000e+00
0.000000000000000000e+00 0.000000000000000000e+00 0.000000000000000000e+00
0.000000000000000000e+00 0.000000000000000000e+00 0.000000000000000000e+00
0.000000000000000000e+00 0.000000000000000000e+00 0.000000000000000000e+00
0.000000000000000000e+00 0.000000000000000000e+00 0.000000000000000000e+00
0.000000000000000000e+00 0.000000000000000000e+00 0.000000000000000000e+00
0.000000000000000000e+00 0.000000000000000000e+00 0.000000000000000000e+00
0.000000000000000000e+00 0.000000000000000000e+00 0.000000000000000000e+00
0.000000000000000000e+00 0.000000000000000000e+00 0.000000000000000000e+00
0.000000000000000000e+00 0.000000000000000000e+00 0.000000000000000000e+00
0.000000000000000000e+00 0.000000000000000000e+00 0.000000000000000000e+00
0.000000000000000000e+00 0.000000000000000000e+00 0.000000000000000000e+00
0.000000000000000000e+00 0.000000000000000000e+00 0.000000000000000000e+00
0.000000000000000000e+00 0.000000000000000000e+00 0.000000000000000000e+00
0.000000000000000000e+00 0.000000000000000000e+00 0.000000000000000000e+00
0.000000000000000000e+00 0.000000000000000000e+00 0.000000000000000000e+00
0.000000000000000000e+00 0.000000000000000000e+00 0.000000000000000000e+00
0.000000000000000000e+00 0.000000000000000000e+00 0.000000000000000000e+00
0.000000000000000000e+00 0.000000000000000000e+00 0.000000000000000000e+00
0.000000000000000000e+00 0.000000000000000000e+00 0.000000000000000000e+00
0.000000000000000000e+00 0.000000000000000000e+00 0.000000000000000000e+00
0.000000000000000000e+00 0.000000000000000000e+00 0.000000000000000000e+00
0.000000000000000000e+00 0.000000000000000000e+00 0.000000000000000000e+00
0.000000000000000000e+00 0.000000000000000000e+00 0.000000000000000000e+00
0.000000000000000000e+00 0.000000000000000000e+00 0.000000000000000000e+00
0.000000000000000000e+00 0.000000000000000000e+00 0.000000000000000000e+00
0.000000000000000000e+00 0.000000000000000000e+00 0.000000000000000000e+00
0.000000000000000000e+00 0.000000000000000000e+00 0.000000000000000000e+00
0.000000000000000000e+00 0.000000000000000000e+00 0.000000000000000000e+00
0.000000000000000000e+00 0.000000000000000000e+00 0.000000000000000000e+00
0.000000000000000000e+00 0.000000000000000000e+00 0.000000000000000000e+00
0.000000000000000000e+00 0.000000000000000000e+00 0.000000000000000000e+00
0.000000000000000000e+00 0.000000000000000000e+00 0.000000000000000000e+00
0.000000000000000000e+00 0.000000000000000000e+00 0.000000000000000000e+00
0.000000000000000000e+00 0.000000000000000000e+00 0.000000000000000000e+00
0.000000000000000000e+00 0.000000000000000000e+00 0.000000000000000000e+00
0.000000000000000000e+00 0.000000000000000000e+00 0.000000000000000000e+00
0.000000000000000000e+00 0.000000000000000000e+00 0.000000000000000000e+00
0.000000000000000000e+00 0.000000000000000000e+00 0.000000000000000000e+00
0.000000000000000000e+00 0.000000000000000000e+00 0.000000000000000000e+00
0.000000000000000000e+00 0.000000000000000000e+00 0.000000000000000000e+00
0.000000000000000000e+00 0.000000000000000000e+00 0.000000000000000000e+00
0.000000000000000000e+00 0.000000000000000000e+00 0.000000000000000000e+00
